iteracao,alg,alg,seed,seed,size,size,time,time,cmp,cmp,move,move,calls,calls
1,alg,b,seed,32,size,1,time,0.000000200,cmp,0,move,0,calls,1
2,alg,b,seed,32,size,2,time,0.000001152,cmp,1,move,3,calls,1
3,alg,b,seed,32,size,3,time,0.000000731,cmp,3,move,9,calls,1
4,alg,b,seed,32,size,4,time,0.000000641,cmp,6,move,18,calls,1
5,alg,b,seed,32,size,5,time,0.000000812,cmp,10,move,30,calls,1
6,alg,b,seed,32,size,6,time,0.000000932,cmp,15,move,45,calls,1
7,alg,b,seed,32,size,7,time,0.000001002,cmp,21,move,63,calls,1
8,alg,b,seed,32,size,8,time,0.000001242,cmp,28,move,84,calls,1
9,alg,b,seed,32,size,9,time,0.000001413,cmp,36,move,108,calls,1
10,alg,b,seed,32,size,10,time,0.000001533,cmp,45,move,135,calls,1
11,alg,b,seed,32,size,11,time,0.000001844,cmp,55,move,165,calls,1
12,alg,b,seed,32,size,12,time,0.000001863,cmp,66,move,198,calls,1
13,alg,b,seed,32,size,13,time,0.000002184,cmp,78,move,234,calls,1
14,alg,b,seed,32,size,14,time,0.000004057,cmp,91,move,273,calls,1
15,alg,b,seed,32,size,15,time,0.000002695,cmp,105,move,315,calls,1
16,alg,b,seed,32,size,16,time,0.000002946,cmp,120,move,360,calls,1
17,alg,b,seed,32,size,17,time,0.000003837,cmp,136,move,408,calls,1
18,alg,b,seed,32,size,18,time,0.000003657,cmp,153,move,459,calls,1
19,alg,b,seed,32,size,19,time,0.000003848,cmp,171,move,513,calls,1
20,alg,b,seed,32,size,20,time,0.000004318,cmp,190,move,570,calls,1
21,alg,b,seed,32,size,21,time,0.000004619,cmp,210,move,630,calls,1
22,alg,b,seed,32,size,22,time,0.000005210,cmp,231,move,693,calls,1
23,alg,b,seed,32,size,23,time,0.000005320,cmp,253,move,759,calls,1
24,alg,b,seed,32,size,24,time,0.000010841,cmp,276,move,828,calls,1
25,alg,b,seed,32,size,25,time,0.000006392,cmp,300,move,900,calls,1
26,alg,b,seed,32,size,26,time,0.000007855,cmp,325,move,975,calls,1
27,alg,b,seed,32,size,27,time,0.000007534,cmp,351,move,1053,calls,1
28,alg,b,seed,32,size,28,time,0.000007765,cmp,378,move,1134,calls,1
29,alg,b,seed,32,size,29,time,0.000008055,cmp,406,move,1218,calls,1
30,alg,b,seed,32,size,30,time,0.000008556,cmp,435,move,1305,calls,1
31,alg,b,seed,32,size,31,time,0.000009017,cmp,465,move,1395,calls,1
32,alg,b,seed,32,size,32,time,0.000009548,cmp,496,move,1488,calls,1
33,alg,b,seed,32,size,33,time,0.000009989,cmp,528,move,1584,calls,1
34,alg,b,seed,32,size,34,time,0.000010851,cmp,561,move,1683,calls,1
35,alg,b,seed,32,size,35,time,0.000011262,cmp,595,move,1785,calls,1
36,alg,b,seed,32,size,36,time,0.000011802,cmp,630,move,1890,calls,1
37,alg,b,seed,32,size,37,time,0.000012364,cmp,666,move,1998,calls,1
38,alg,b,seed,32,size,38,time,0.000013596,cmp,703,move,2109,calls,1
39,alg,b,seed,32,size,39,time,0.000013535,cmp,741,move,2223,calls,1
40,alg,b,seed,32,size,40,time,0.000014378,cmp,780,move,2340,calls,1
41,alg,b,seed,32,size,41,time,0.000014839,cmp,820,move,2460,calls,1
42,alg,b,seed,32,size,42,time,0.000015780,cmp,861,move,2583,calls,1
43,alg,b,seed,32,size,43,time,0.000022673,cmp,903,move,2709,calls,1
44,alg,b,seed,32,size,44,time,0.000018595,cmp,946,move,2838,calls,1
45,alg,b,seed,32,size,45,time,0.000018035,cmp,990,move,2970,calls,1
46,alg,b,seed,32,size,46,time,0.000018555,cmp,1035,move,3105,calls,1
47,alg,b,seed,32,size,47,time,0.000019768,cmp,1081,move,3243,calls,1
48,alg,b,seed,32,size,48,time,0.000020349,cmp,1128,move,3384,calls,1
49,alg,b,seed,32,size,49,time,0.000021752,cmp,1176,move,3528,calls,1
50,alg,b,seed,32,size,50,time,0.000022172,cmp,1225,move,3675,calls,1
51,alg,b,seed,32,size,51,time,0.000022624,cmp,1275,move,3825,calls,1
52,alg,b,seed,32,size,52,time,0.000023445,cmp,1326,move,3978,calls,1
53,alg,b,seed,32,size,53,time,0.000024327,cmp,1378,move,4134,calls,1
54,alg,b,seed,32,size,54,time,0.000025368,cmp,1431,move,4293,calls,1
55,alg,b,seed,32,size,55,time,0.000026150,cmp,1485,move,4455,calls,1
56,alg,b,seed,32,size,56,time,0.000027332,cmp,1540,move,4620,calls,1
57,alg,b,seed,32,size,57,time,0.000028124,cmp,1596,move,4788,calls,1
58,alg,b,seed,32,size,58,time,0.000029235,cmp,1653,move,4959,calls,1
59,alg,b,seed,32,size,59,time,0.000030368,cmp,1711,move,5133,calls,1
60,alg,b,seed,32,size,60,time,0.000031189,cmp,1770,move,5310,calls,1
61,alg,b,seed,32,size,61,time,0.000032161,cmp,1830,move,5490,calls,1
62,alg,b,seed,32,size,62,time,0.000035448,cmp,1891,move,5673,calls,1
63,alg,b,seed,32,size,63,time,0.000034696,cmp,1953,move,5859,calls,1
64,alg,b,seed,32,size,64,time,0.000035207,cmp,2016,move,6048,calls,1
65,alg,b,seed,32,size,65,time,0.000036369,cmp,2080,move,6240,calls,1
66,alg,b,seed,32,size,66,time,0.000037542,cmp,2145,move,6435,calls,1
67,alg,b,seed,32,size,67,time,0.000039105,cmp,2211,move,6633,calls,1
68,alg,b,seed,32,size,68,time,0.000039916,cmp,2278,move,6834,calls,1
69,alg,b,seed,32,size,69,time,0.000040658,cmp,2346,move,7038,calls,1
70,alg,b,seed,32,size,70,time,0.000041950,cmp,2415,move,7245,calls,1
71,alg,b,seed,32,size,71,time,0.000043132,cmp,2485,move,7455,calls,1
72,alg,b,seed,32,size,72,time,0.000044555,cmp,2556,move,7668,calls,1
73,alg,b,seed,32,size,73,time,0.000045526,cmp,2628,move,7884,calls,1
74,alg,b,seed,32,size,74,time,0.000110060,cmp,2701,move,8103,calls,1
75,alg,b,seed,32,size,75,time,0.000048142,cmp,2775,move,8325,calls,1
76,alg,b,seed,32,size,76,time,0.000049795,cmp,2850,move,8550,calls,1
77,alg,b,seed,32,size,77,time,0.000050577,cmp,2926,move,8778,calls,1
78,alg,b,seed,32,size,78,time,0.000051999,cmp,3003,move,9009,calls,1
79,alg,b,seed,32,size,79,time,0.000052991,cmp,3081,move,9243,calls,1
80,alg,b,seed,32,size,80,time,0.000054544,cmp,3160,move,9480,calls,1
81,alg,b,seed,32,size,81,time,0.000056167,cmp,3240,move,9720,calls,1
82,alg,b,seed,32,size,82,time,0.000057459,cmp,3321,move,9963,calls,1
83,alg,b,seed,32,size,83,time,0.000058491,cmp,3403,move,10209,calls,1
84,alg,b,seed,32,size,84,time,0.000060084,cmp,3486,move,10458,calls,1
85,alg,b,seed,32,size,85,time,0.000061517,cmp,3570,move,10710,calls,1
86,alg,b,seed,32,size,86,time,0.000062619,cmp,3655,move,10965,calls,1
87,alg,b,seed,32,size,87,time,0.000064022,cmp,3741,move,11223,calls,1
88,alg,b,seed,32,size,88,time,0.000065625,cmp,3828,move,11484,calls,1
89,alg,b,seed,32,size,89,time,0.000067378,cmp,3916,move,11748,calls,1
90,alg,b,seed,32,size,90,time,0.000068610,cmp,4005,move,12015,calls,1
91,alg,b,seed,32,size,91,time,0.000070424,cmp,4095,move,12285,calls,1
92,alg,b,seed,32,size,92,time,0.000071626,cmp,4186,move,12558,calls,1
93,alg,b,seed,32,size,93,time,0.000073079,cmp,4278,move,12834,calls,1
94,alg,b,seed,32,size,94,time,0.000074512,cmp,4371,move,13113,calls,1
95,alg,b,seed,32,size,95,time,0.000076936,cmp,4465,move,13395,calls,1
96,alg,b,seed,32,size,96,time,0.000077778,cmp,4560,move,13680,calls,1
97,alg,b,seed,32,size,97,time,0.000091524,cmp,4656,move,13968,calls,1
98,alg,b,seed,32,size,98,time,0.000081295,cmp,4753,move,14259,calls,1
99,alg,b,seed,32,size,99,time,0.000083038,cmp,4851,move,14553,calls,1
100,alg,b,seed,32,size,100,time,0.000084441,cmp,4950,move,14850,calls,1
